0.19064395129680634
0.17541243135929108
0.13967864215373993
0.1972430944442749
0.14887721836566925
0.125084787607193
0.18618382513523102
0.18127410113811493
0.11982440948486328
0.12555722892284393
0.18330496549606323
0.15013134479522705
0.14624647796154022
0.17150919139385223
0.20738975703716278
0.17424266040325165
0.19803936779499054
0.13830502331256866
0.16643618047237396
0.1685921549797058
0.19282758235931396
0.1603083312511444
0.18623481690883636
0.17440402507781982
0.1760060042142868
0.19399027526378632
0.1300201267004013
0.16522511839866638
0.15201543271541595
0.20332162082195282
0.2000703364610672
0.18362753093242645
0.19149374961853027
0.18376988172531128
0.19470614194869995
0.21480798721313477
0.19218575954437256
0.1873641014099121
0.17555896937847137
0.1850947141647339
0.1645234227180481
0.16795115172863007
0.18267059326171875
0.16918610036373138
0.17189961671829224
0.17130988836288452
0.19501124322414398
0.18940557539463043
0.11220268160104752
0.14094199240207672
0.17067404091358185
0.16645558178424835
0.1689673215150833
0.18444766104221344
0.1636573076248169
0.12700213491916656
0.16974236071109772
0.17207223176956177
0.17103858292102814
0.1462000012397766
0.2111884355545044
0.1806788295507431
0.15697215497493744
0.19299769401550293
0.12537267804145813
0.15161629021167755
0.18207918107509613
0.17796768248081207
0.16740058362483978
0.17204833030700684
0.14718131721019745
0.21259374916553497
0.2016548365354538
0.1455223560333252
0.16704054176807404
0.1820908933877945
0.18439465761184692
0.19309164583683014
0.18790912628173828
0.21313615143299103
0.17095965147018433
0.1720280796289444
0.18728727102279663
0.15350700914859772
0.2021258920431137
0.16837358474731445
0.1774187535047531
0.18408596515655518
0.18431739509105682
0.15582561492919922
0.2126082181930542
0.15019989013671875
0.19865335524082184
0.17476926743984222
0.16683809459209442
0.1778215914964676
0.15155862271785736
0.13320164382457733
0.15213239192962646
0.1431526243686676
0.19114220142364502
0.16164840757846832
0.16314049065113068
0.16321927309036255
0.18583272397518158
0.14687898755073547
0.16820041835308075
0.17150473594665527
0.1870376318693161
0.17546232044696808
0.18280886113643646
0.16572007536888123
0.21243244409561157
0.1780928373336792
0.1596527099609375
0.188370943069458
0.12087857723236084
0.17753858864307404
0.18403129279613495
0.1685020476579666
0.18754373490810394
0.1802976131439209
0.13644100725650787
0.1731850504875183
0.12473127245903015
0.18052999675273895
0.16109921038150787
0.10507798939943314
0.18512986600399017
0.18344683945178986
0.14440439641475677
0.18893592059612274
0.1736174076795578
0.19361735880374908
0.17922769486904144
0.18340690433979034
0.1648319959640503
0.16714130342006683
0.137934610247612
0.159436896443367
0.1831798553466797
0.1729760617017746
0.1867334097623825
0.1491725742816925
0.12679624557495117
0.1892814040184021
0.15940703451633453
0.2147039920091629
0.14113615453243256
0.178114652633667
0.16809912025928497
0.12835150957107544
0.1867564469575882
0.15908028185367584
0.14871080219745636
0.18795163929462433
0.1815311163663864
0.17826801538467407
0.17298145592212677
0.16873912513256073
0.17893517017364502
0.17459774017333984
0.1907123327255249
0.17849528789520264
0.16386927664279938
0.17382781207561493
0.1739674061536789
0.13603486120700836
0.17515818774700165
0.19305242598056793
0.18719494342803955
0.18428124487400055
0.1260911226272583
0.19654881954193115
0.13884851336479187
0.18204818665981293
0.1907385140657425
0.16640353202819824
0.1739044338464737
0.16312022507190704
0.18838359415531158
0.2103813886642456
0.17922842502593994
0.14186950027942657
0.16357578337192535
0.1892814040184021
0.18446378409862518
0.1994481086730957
0.19388629496097565
0.17389388382434845
0.181666299700737
0.12919868528842926
0.15739138424396515
0.13412760198116302
0.17042183876037598
0.15112356841564178
0.19347254931926727
0.19413892924785614
0.1935739666223526
0.21064312756061554
0.18381965160369873
0.1035609245300293
0.1541292816400528
0.16173367202281952
0.15759193897247314
0.15141643583774567
0.17772452533245087
0.1865394562482834
0.17958784103393555
0.17765091359615326
0.14085431396961212
0.183158740401268
0.14986538887023926
0.16860586404800415
0.1956297755241394
0.18471617996692657
0.17143361270427704
0.1568499356508255
0.1498013734817505
0.13015645742416382
0.13609875738620758
0.211881622672081
0.19896690547466278
0.1798936277627945
0.195880725979805
0.18349890410900116
0.17972759902477264
0.1217355728149414
0.2113020271062851
0.21019063889980316
0.17061764001846313
0.18962083756923676
0.19339172542095184
0.1389116793870926
0.1415567249059677
0.18665359914302826
0.18893063068389893
0.1616106778383255
0.15449319779872894
0.16071747243404388
0.17702870070934296
0.1825859099626541
0.17259733378887177
0.19670720398426056
0.14175115525722504
0.152741476893425
0.20838171243667603
0.155253604054451
0.17120027542114258
0.16213077306747437
0.18503789603710175
0.16957907378673553
0.20195519924163818
0.20898275077342987
0.18963293731212616
0.15005283057689667
0.20607149600982666
0.19773073494434357
0.15595076978206635
0.14081954956054688
0.19400127232074738
0.13830648362636566
0.16957324743270874
0.21472632884979248
0.18481500446796417
0.15329869091510773
0.2013433426618576
0.14493197202682495
0.1706310659646988
0.17662779986858368
0.15440088510513306
0.16491733491420746
0.15700121223926544
0.1493312269449234
0.1981332153081894
0.15879862010478973
0.14586161077022552
0.19135041534900665
0.16103164851665497
0.12954720854759216
0.1936563402414322
0.16173319518566132
0.20548196136951447
0.16704709827899933
0.1904250830411911
0.16044016182422638
0.15767602622509003
0.1703595072031021
0.181365504860878
0.18830712139606476
0.14871454238891602
0.15081830322742462
0.1795649379491806
0.16166777908802032
0.1204707995057106
0.18955840170383453
0.1953519582748413
0.16218918561935425
0.1616107076406479
0.12691432237625122
0.17166195809841156
0.18331313133239746
0.19129391014575958
0.2111261636018753
0.18025405704975128
0.18527384102344513
0.16738925874233246
0.16332131624221802
0.1547934114933014
0.18679453432559967
0.1733465939760208
0.1629871279001236
0.1854499727487564
0.16000156104564667
0.17085182666778564
0.16497653722763062
0.17781762778759003
0.19429467618465424
0.16431567072868347
0.1345723271369934
0.1456795334815979
0.1688946932554245
0.1460210233926773
0.16390810906887054
0.2026258111000061
0.19461305439472198
0.20224106311798096
0.19538883864879608
0.17958015203475952
0.18830262124538422
0.1897728443145752
0.17129039764404297
0.15934041142463684
0.18960826098918915
0.17172034084796906
0.15368850529193878
0.1707705855369568
0.15682771801948547
0.1887701153755188
0.1949501633644104
0.20172595977783203
0.15853315591812134
0.1382840871810913
0.10483501106500626
0.13282613456249237
0.13896898925304413
0.18175964057445526
0.1808130294084549
0.17229066789150238
0.19816677272319794
0.188218355178833
0.13458849489688873
0.1455559879541397
0.16417863965034485
0.15973146259784698
0.11261846870183945
0.1865394562482834
0.1519661843776703
0.18414165079593658
0.18493793904781342
0.175000861287117
0.18440349400043488
0.12667346000671387
0.19833652675151825
0.17559842765331268
0.17994777858257294
0.1823468953371048
0.17136359214782715
0.18271277844905853
0.1498630791902542
0.17760354280471802
0.1471146196126938
0.13234327733516693
0.16699397563934326
0.12778426706790924
0.19282758235931396
0.17154057323932648
0.20470525324344635
0.18396250903606415
0.1397956758737564
0.1760881394147873
0.17267823219299316
0.16426414251327515
0.14832627773284912
0.11424741894006729
0.17849846184253693
0.15459945797920227
0.18856608867645264
0.16782812774181366
0.1822199821472168
0.21526534855365753
0.1687231808900833
0.12977184355258942
0.11393547803163528
0.17689205706119537
0.16499654948711395
0.1496763974428177
0.19257037341594696
0.16664822399616241
0.19684390723705292
0.19000327587127686
0.14218485355377197
0.20239007472991943
0.15226013958454132
0.18226611614227295
0.10858786106109619
0.16550825536251068
0.2017003297805786
0.1919177919626236
0.12620463967323303
0.15798354148864746
0.18260614573955536
0.1841685026884079
0.18051673471927643
0.16088880598545074
0.1334690898656845
0.18999135494232178
0.18971891701221466
0.25270846486091614
0.12242141366004944
0.19866357743740082
0.16962683200836182
0.12099089473485947
0.18220509588718414
0.16616003215312958
0.18016166985034943
0.12822312116622925
0.15427227318286896
0.1711229681968689
0.1807481050491333
0.19622449576854706
0.17009401321411133
0.13376404345035553
0.1701052188873291
0.1668943613767624
0.17505310475826263
0.17094044387340546
0.1985136717557907
0.1794832944869995
0.2008637636899948
0.1637391597032547
0.1844073086977005
0.19171936810016632
0.13864292204380035
0.1619368940591812
0.16367900371551514
0.18070657551288605
0.18899308145046234
0.19000183045864105
0.14586083590984344
0.19416798651218414
0.16908049583435059
0.16527153551578522
0.17986388504505157
0.16590209305286407
0.1470446139574051
0.19156582653522491
0.12042179703712463
0.11040616035461426
0.1268024444580078
0.1562199741601944
0.20360521972179413
0.13362987339496613
0.16624021530151367
0.1765184998512268
0.18785174190998077
0.1540706604719162
0.1795477420091629
0.15623682737350464
0.17460666596889496
0.13927902281284332
0.19632430374622345
0.1624857634305954
0.1971466988325119
0.15264636278152466
0.14958740770816803
0.1484593003988266
0.17100252211093903
0.16586066782474518
0.17937445640563965
0.15064767003059387
0.14377696812152863
0.19078068435192108
0.1504557579755783
0.14763309061527252
0.1812622994184494
0.17531508207321167
0.17765407264232635
0.17199589312076569
0.19510237872600555
0.19533424079418182
0.16632090508937836
0.17949743568897247
0.1779516488313675
0.196054145693779
0.15066714584827423
0.2013048678636551
0.16754275560379028
0.15426744520664215
0.18833787739276886
0.15407297015190125
0.20169831812381744
0.16835765540599823
0.19042998552322388
0.17353574931621552
0.1450570821762085
0.26734063029289246
0.16361545026302338
0.17307543754577637
0.17327451705932617
0.1814025491476059
0.15300381183624268
0.17594636976718903
0.17192606627941132
0.1425708681344986
0.12106349319219589
0.18049366772174835
0.15849041938781738
0.18928486108779907
0.15036605298519135
0.14248444139957428
0.16387343406677246
0.1848595142364502
0.1851707547903061
0.16943375766277313
0.16462908685207367
0.17114418745040894
0.1732361763715744
0.15730154514312744
0.16480153799057007
0.18302060663700104
0.19725275039672852
0.16737686097621918
0.13987763226032257
0.13426803052425385
0.16528543829917908
0.16903264820575714
0.11854854226112366
0.17944681644439697
0.18001757562160492
0.1900361329317093
0.20213758945465088
0.1473030149936676
0.15897412598133087
0.19846558570861816
0.1807345151901245
0.12513940036296844
0.19129402935504913
0.19355638325214386
0.16957075893878937
0.1820993423461914
0.1619463413953781
0.18835294246673584
0.15511775016784668
0.13796482980251312
0.18670259416103363
0.17809946835041046
0.19078540802001953
0.14223408699035645
0.19819222390651703
0.1591901034116745
0.2042493224143982
0.17448388040065765
0.12443333864212036
0.1998213529586792
0.12587259709835052
0.13706211745738983
0.1680491417646408
0.145661398768425
0.2181808203458786
0.1735392063856125
0.18712218105793
0.1407398134469986
0.1987769454717636
0.1908578872680664
0.2024318426847458
0.18135182559490204
0.19125793874263763
0.19059835374355316
0.15882688760757446
0.1787635087966919
0.20813213288784027
0.152222141623497
0.1161855161190033
0.19154608249664307
0.12159141153097153
0.1701599359512329
0.15274359285831451
0.16203279793262482
0.13061894476413727
0.1413179486989975
0.1730378121137619
0.14379827678203583
0.1806505173444748
0.11989901214838028
0.1598602533340454
0.17755372822284698
0.1840904951095581
0.17555208504199982
0.14045350253582
0.1760333925485611
0.1844431608915329
0.1887451559305191
0.12466434389352798
0.18816499412059784
0.16452306509017944
0.19724245369434357
0.18780672550201416
0.1941487342119217
0.11633297801017761
0.1827845424413681
0.14165790379047394
0.14435499906539917
0.14497941732406616
0.1910460740327835
0.17034561932086945
0.13772012293338776
0.13989749550819397
0.2003019005060196
0.16006366908550262
0.1344860941171646
0.18806087970733643
0.15229849517345428
0.17925135791301727
0.1836482435464859
0.15576745569705963
0.17811763286590576
0.18605037033557892
0.1686825305223465
0.1688535213470459
0.18224386870861053
0.195564404129982
0.1262749284505844
0.16207461059093475
0.1035609245300293
0.17625153064727783
0.13949741423130035
0.1693556308746338
0.22598843276500702
0.19524097442626953
0.16807270050048828
0.19151389598846436
0.1900111436843872
0.18118132650852203
0.1544671505689621
0.11963948607444763
0.1815134435892105
0.18799394369125366
0.17048890888690948
0.1811070442199707
0.19826291501522064
0.15354607999324799
0.1721353530883789
0.18021102249622345
0.16910766065120697
0.16402216255664825
0.190326526761055
0.1958474963903427
0.19296781718730927
0.18837682902812958
0.1395939141511917
0.25366654992103577
0.1624857634305954
0.19599737226963043
0.1601148247718811
0.17653191089630127
0.1692253202199936
0.14581982791423798
0.1307956576347351
0.26870906352996826
0.17352068424224854
0.16414760053157806
0.16887672245502472
0.18197035789489746
0.12361318618059158
0.20189303159713745
0.18506698310375214
0.18794040381908417
0.17000345885753632
0.19725674390792847
0.19614262878894806
0.17271436750888824
0.19128136336803436
0.1944109946489334
0.19380752742290497
0.11274335533380508
0.17227278649806976
0.18824349343776703
0.19131112098693848
0.11937727779150009
0.18852154910564423
0.1015283390879631
0.18007273972034454
0.12333685159683228
0.19172795116901398
0.16130605340003967
0.1923319548368454
0.19319069385528564
0.16402499377727509
0.17266087234020233
0.16155993938446045
0.1771814376115799
0.15730194747447968
0.179087296128273
0.20024019479751587
0.25480133295059204
0.17058409750461578
0.17466287314891815
0.13832184672355652
0.17783451080322266
0.18373620510101318
0.17496426403522491
0.20099784433841705
0.1478431224822998
0.18104703724384308
0.1872846484184265
0.1441991627216339
0.1915215402841568
0.1757657676935196
0.1443658322095871
0.11624971032142639
0.13708382844924927
0.16813139617443085
0.17775912582874298
0.1797795295715332
0.14463680982589722
0.1620780974626541
0.19830699265003204
0.13205201923847198
0.16088302433490753
0.17873746156692505
0.14863590896129608
0.2038932889699936
0.1784287691116333
0.14217941462993622
0.18686933815479279
0.161908358335495
0.18473601341247559
0.19055461883544922
0.1707770973443985
0.14579929411411285
0.17994284629821777
0.12995857000350952
0.1770462840795517
0.14684496819972992
0.1841491460800171
0.1256144940853119
0.14641226828098297
0.21668513119220734
0.1627800613641739
0.1896437555551529
0.19617070257663727
0.1456795334815979
0.162812277674675
0.15461187064647675
0.16634179651737213
0.19117264449596405
0.13776765763759613
0.13630306720733643
0.12890124320983887
0.16157373785972595
0.1401842087507248
0.14600318670272827
0.1332131028175354
0.1936064511537552
0.17108626663684845
0.19426703453063965
0.17922699451446533
0.1690206527709961
0.16897757351398468
0.17166757583618164
0.19296817481517792
0.18956328928470612
0.1529752016067505
0.1306191235780716
0.1625794619321823
0.1831396371126175
0.14363254606723785
0.17443327605724335
0.1805548071861267
0.18920843303203583
0.14858226478099823
0.14031855762004852
0.17889952659606934
0.18196918070316315
0.13226471841335297
0.19788892567157745
0.21500970423221588
0.18842308223247528
0.18116430938243866
0.1633327752351761
0.19474603235721588
0.12569035589694977
0.19332973659038544
0.16163496673107147
0.14980189502239227
0.1792588233947754
0.15297795832157135
0.16379983723163605
0.1672661453485489
0.17691998183727264
0.20624394714832306
0.1864854097366333
0.13059550523757935
0.1918785125017166
0.14010173082351685
0.14443886280059814
0.17552924156188965
0.12873508036136627
0.1948632150888443
0.13811083137989044
0.18764735758304596
0.17464081943035126
0.15666386485099792
0.18548238277435303
0.12142040580511093
0.12707117199897766
0.19197125732898712
0.15916860103607178
0.19989247620105743
0.1472122222185135
0.19079631567001343
0.16260211169719696
0.12332218140363693
0.18030405044555664
0.14418873190879822
0.1633157581090927
0.15030059218406677
0.18468959629535675
0.20705610513687134
0.17856205999851227
0.20025473833084106
0.1588272899389267
0.19560062885284424
0.1629827618598938
0.17470665276050568
0.20251698791980743
0.17556755244731903
0.11207715421915054
0.13875450193881989
0.172025665640831
0.17011849582195282
0.17716260254383087
0.13274334371089935
0.1633327752351761
0.18420851230621338
0.19902710616588593
0.1955522745847702
0.17071108520030975
0.18508581817150116
0.1474521905183792
0.18597179651260376
0.14169999957084656
0.16320188343524933
0.17268843948841095
0.1802976131439209
0.14096619188785553
0.16758549213409424
0.1872488260269165
0.18985295295715332
0.1884845644235611
0.2009977102279663
0.1535060852766037
0.16483010351657867
0.16622184216976166
0.15620432794094086
0.19110901653766632
0.18257194757461548
0.1035609245300293
0.20348437130451202
0.19143463671207428
0.13585849106311798
0.1556149274110794
0.18917222321033478
0.15303079783916473
0.12881624698638916
0.17996197938919067
0.18221992254257202
0.18603460490703583
0.1705845445394516
0.1342858523130417
0.1794622540473938
0.1589355617761612
0.1988905519247055
0.18078702688217163
0.19270193576812744
0.19822971522808075
0.16697537899017334
0.17114418745040894
0.15393082797527313
0.1717461794614792
0.1471240371465683
0.17367374897003174
0.19709737598896027
0.18002666532993317
0.19713549315929413
0.1803646832704544
0.1506514996290207
0.19053490459918976
0.12380685657262802
0.1925441473722458
0.1946069747209549
0.17307543754577637
0.185747429728508
0.17935766279697418
0.14440739154815674
0.15221627056598663
0.18879114091396332
0.19413702189922333
0.13150374591350555
0.18965111672878265
0.19337345659732819
0.19443094730377197
0.18757309019565582
0.1711122989654541
0.10789233446121216
0.19026052951812744
0.16417264938354492
0.1471240371465683
0.16352559626102448
0.1756867915391922
0.15370316803455353
0.176280215382576
0.15385814011096954
0.1756054311990738
0.16067825257778168
0.20248253643512726
0.12384915351867676
0.19719095528125763
0.16389994323253632
0.17077487707138062
0.16547535359859467
0.2029084712266922
0.18440969288349152
0.1949964016675949
0.1444612294435501
0.15128390491008759
0.19267062842845917
0.2086268663406372
0.1777772456407547
0.18784789741039276
0.1879090666770935
0.16018225252628326
0.19037999212741852
0.15014435350894928
0.13832995295524597
0.157521590590477
0.19534118473529816
0.11877728253602982
0.1373564451932907
0.1901930570602417
0.1313241571187973
0.1597147136926651
0.18024134635925293
0.19832877814769745
0.1596175879240036
0.16000156104564667
0.17068684101104736
0.20015080273151398
0.1727474331855774
0.12990601360797882
0.18764786422252655
0.14130179584026337
0.113211490213871
0.19142185151576996
0.1931016892194748
0.17447733879089355
0.12900830805301666
0.1745530366897583
0.1751643866300583
0.17092885076999664
0.20043741166591644
0.19748695194721222
0.17249421775341034
0.18640010058879852
0.153194859623909
0.1969582885503769
0.14946438372135162
0.17691819369792938
0.19371317327022552
