0.04483981058001518
0.0465640053153038
0.04080100357532501
0.09187441319227219
0.05185132101178169
0.02425021305680275
0.04106776788830757
0.043334342539310455
0.04134780913591385
0.06648959219455719
0.054663535207509995
0.0477464385330677
0.08921375125646591
0.05434345081448555
0.11474335193634033
0.0383979007601738
0.07107610255479813
0.0263344906270504
0.04145193472504616
0.02407776191830635
0.03227167949080467
0.07328591495752335
0.036730363965034485
0.17186827957630157
0.07248631864786148
0.03218551352620125
0.04072343558073044
0.04534541070461273
0.04651624709367752
0.05099470540881157
0.05570962652564049
0.1386851817369461
0.047975290566682816
0.05860094353556633
0.039308100938797
0.2297830581665039
0.04932105913758278
0.07422010600566864
0.0663720890879631
0.04875778406858444
0.06751289963722229
0.05635346099734306
0.07018621265888214
0.07427283376455307
0.08147631585597992
0.025044938549399376
0.03327731043100357
0.061791740357875824
0.13501904904842377
0.09042319655418396
0.06143227592110634
0.06625130772590637
0.07997804135084152
0.11524102091789246
0.1394427865743637
0.05265498161315918
0.04486675187945366
0.060060933232307434
0.03162531554698944
0.02575511671602726
0.04950714111328125
0.05318609997630119
0.030718106776475906
0.11602911353111267
0.049240998923778534
0.06201079115271568
0.04222291707992554
0.019926892593503
0.037978243082761765
0.02707500010728836
0.07833819836378098
0.0859125405550003
0.05964760482311249
0.10017340630292892
0.10036246478557587
0.06553172320127487
0.036796823143959045
0.05817509815096855
0.040386490523815155
0.08585480600595474
0.040132444351911545
0.019554780796170235
0.03617161884903908
0.09809310734272003
0.14743183553218842
0.051784612238407135
0.08814860135316849
0.04444180428981781
0.043400105088949203
0.04190980643033981
0.09002585709095001
0.08112167567014694
0.0722631961107254
0.08016371726989746
0.05483144149184227
0.05744608864188194
0.06497005373239517
0.08489914983510971
0.028254009783267975
0.024633517488837242
0.029223989695310593
0.03211432695388794
0.028575249016284943
0.017844736576080322
0.07765969634056091
0.10680430382490158
0.08466240018606186
0.024470170959830284
0.02468368038535118
0.05047711730003357
0.11688072234392166
0.058291319757699966
0.10475516319274902
0.13385286927223206
0.04920398071408272
0.019190261140465736
0.10656654834747314
0.10728860646486282
0.06754826009273529
0.04388746991753578
0.1435292363166809
0.03952127322554588
0.12193616479635239
0.04503166303038597
0.049242399632930756
0.07280661165714264
0.05410923808813095
0.07995281368494034
0.06770120561122894
0.1197379007935524
0.023094210773706436
0.03134124353528023
0.10045401751995087
0.046535249799489975
0.0603029765188694
0.06274490803480148
0.0604541078209877
0.1256699413061142
0.03384297713637352
0.04412253573536873
0.0455537885427475
0.07625596225261688
0.08582352846860886
0.0672721415758133
0.04117409884929657
0.04504364728927612
0.058787617832422256
0.07597959786653519
0.03133432939648628
0.07460686564445496
0.052644047886133194
0.03619087114930153
0.09691798686981201
0.060709625482559204
0.02543724700808525
0.0906439796090126
0.0978308916091919
0.03111059032380581
0.043075721710920334
0.09894134104251862
0.08946919441223145
0.06707169860601425
0.06922957301139832
0.03523038700222969
0.033425915986299515
0.07417895644903183
0.06774784624576569
0.030250169336795807
0.0394517220556736
0.08096396178007126
0.04238419607281685
0.032509077340364456
0.021064484491944313
0.030968187376856804
0.1070784479379654
0.058291107416152954
0.09122966974973679
0.08072662353515625
0.05044574663043022
0.11506884545087814
0.02406809851527214
0.04380154237151146
0.09270621836185455
0.043127451092004776
0.041972093284130096
0.04504364728927612
0.057973895221948624
0.03671008720993996
0.0613463930785656
0.035113342106342316
0.04309374839067459
0.09561607241630554
0.02004927583038807
0.07537473738193512
0.04109897464513779
0.024276750162243843
0.05071229860186577
0.05407242104411125
0.06860732287168503
0.05145175755023956
0.08246010541915894
0.1277724802494049
0.11207964271306992
0.04705300182104111
0.041479188948869705
0.026701942086219788
0.025134583935141563
0.05490262806415558
0.05510248616337776
0.04786334186792374
0.07691752165555954
0.08102326840162277
0.06884855031967163
0.10718279331922531
0.16156063973903656
0.05578066036105156
0.03523579239845276
0.06802893429994583
0.06473209708929062
0.14904892444610596
0.02948770299553871
0.07994799315929413
0.13462042808532715
0.03376835957169533
0.03538220003247261
0.06502360850572586
0.03425532206892967
0.06475149095058441
0.08067960292100906
0.08109430968761444
0.03186280280351639
0.06809050589799881
0.09178344160318375
0.09532942622900009
0.10441583395004272
0.05825326591730118
0.08942122012376785
0.05058416351675987
0.06062479317188263
0.029027368873357773
0.03397602215409279
0.07736827433109283
0.056500423699617386
0.06504461169242859
0.032779090106487274
0.044973261654376984
0.12393426150083542
0.09600798040628433
0.09874356538057327
0.0671447291970253
0.03416713699698448
0.049652352929115295
0.05641347914934158
0.028313616290688515
0.06517565250396729
0.08172086626291275
0.07946676760911942
0.05388878658413887
0.061615873128175735
0.0680980309844017
0.0976252406835556
0.05728324502706528
0.02755258046090603
0.09402316063642502
0.04338894411921501
0.0672500878572464
0.10816427320241928
0.03334367275238037
0.07914815098047256
0.03135259076952934
0.049140963703393936
0.14416968822479248
0.08850488066673279
0.0849844291806221
0.1127680093050003
0.0498296320438385
0.06912720948457718
0.07289748638868332
0.08948495984077454
0.036244798451662064
0.0706842690706253
0.0376676470041275
0.04867830500006676
0.055881597101688385
0.10037188231945038
0.05857332795858383
0.026720721274614334
0.025723682716488838
0.03938635066151619
0.05470600351691246
0.0299807358533144
0.022671464830636978
0.07420124858617783
0.08110526204109192
0.03777901828289032
0.027731534093618393
0.03543391823768616
0.1004738137125969
0.034587565809488297
0.12748493254184723
0.11198346316814423
0.05937889590859413
0.03795023635029793
0.029245290905237198
0.038143374025821686
0.09437357634305954
0.06234883889555931
0.13951067626476288
0.06348807364702225
0.07343745976686478
0.05149837210774422
0.12317178398370743
0.06566370278596878
0.030331330373883247
0.06568939983844757
0.030797556042671204
0.09948550909757614
0.07825803756713867
0.039493098855018616
0.1159883588552475
0.07665267586708069
0.11328699439764023
0.03574860468506813
0.042310263961553574
0.08562754094600677
0.06454586982727051
0.07011248171329498
0.06837666779756546
0.03929843008518219
0.06822271645069122
0.024944784119725227
0.16325223445892334
0.06538286805152893
0.039316534996032715
0.04634477198123932
0.05206635966897011
0.10774021595716476
0.06648527830839157
0.05337447673082352
0.07094446569681168
0.07419516891241074
0.07735172659158707
0.03671552613377571
0.035077132284641266
0.042662471532821655
0.05063006281852722
0.05291221663355827
0.04148264229297638
0.12250784039497375
0.028939014300704002
0.057030148804187775
0.12232796847820282
0.0259503573179245
0.0528358556330204
0.06869445741176605
0.02998182363808155
0.05490262806415558
0.05924719199538231
0.06088891252875328
0.06534929573535919
0.04611050337553024
0.07647707313299179
0.05697299540042877
0.07510935515165329
0.0837634801864624
0.06237559765577316
0.05243965610861778
0.07283549755811691
0.06668315082788467
0.07947827875614166
0.06537602841854095
0.039775073528289795
0.062173519283533096
0.06567288190126419
0.09483717381954193
0.03227167949080467
0.08834123611450195
0.0675174668431282
0.10178153216838837
0.029667779803276062
0.03555554151535034
0.0933961570262909
0.11937815696001053
0.06481026858091354
0.1368340700864792
0.15633627772331238
0.045462608337402344
0.1314772218465805
0.03405391797423363
0.10659129172563553
0.0823342576622963
0.05912693962454796
0.05247024446725845
0.05151296406984329
0.06139474734663963
0.043566759675741196
0.04374070093035698
0.04218485206365585
0.08737389743328094
0.10240509361028671
0.07170625030994415
0.030034560710191727
0.057393599301576614
0.07465000450611115
0.03741137310862541
0.12155675888061523
0.04895331710577011
0.06532841175794601
0.061613064259290695
0.09891707450151443
0.0672403872013092
0.028164617717266083
0.04120301827788353
0.06596703827381134
0.05217330902814865
0.13434705138206482
0.08454443514347076
0.05094349756836891
0.3961382210254669
0.02339383214712143
0.0884624570608139
0.0721292570233345
0.030635878443717957
0.06650691479444504
0.09089229255914688
0.13709379732608795
0.04091649129986763
0.023619577288627625
0.0581270307302475
0.11210716515779495
0.05865688994526863
0.057935308665037155
0.026893116533756256
0.03618112951517105
0.05794990062713623
0.10798777639865875
0.04381782189011574
0.06259303539991379
0.04627810791134834
0.05703908950090408
0.07471993565559387
0.0397491529583931
0.09239793568849564
0.025699488818645477
0.12457004934549332
0.07399882376194
0.03712403401732445
0.03496839106082916
0.04845409095287323
0.04120984300971031
0.1633138656616211
0.07264694571495056
0.03716615214943886
0.02384895831346512
0.09043341875076294
0.042458705604076385
0.04269184172153473
0.08678475022315979
0.02041853591799736
0.0326123982667923
0.1313873529434204
0.10584546625614166
0.03586990013718605
0.02043948881328106
0.053566113114356995
0.0762043297290802
0.12342449277639389
0.11871363967657089
0.041007980704307556
0.07503307610750198
0.05083290860056877
0.040692288428545
0.02824828401207924
0.03557882457971573
0.0708506628870964
0.03965191915631294
0.04720847308635712
0.031847354024648666
0.07892865687608719
0.08561714738607407
0.05282656475901604
0.05593175068497658
0.028700634837150574
0.10858740657567978
0.035559073090553284
0.022780239582061768
0.1442740261554718
0.024173563346266747
0.06505480408668518
0.13386847078800201
0.049983199685811996
0.053829651325941086
0.10871437937021255
0.029144249856472015
0.04601769149303436
0.19218315184116364
0.09989432990550995
0.03568447753787041
0.08814187347888947
0.12933576107025146
0.06398680806159973
0.0438893586397171
0.07758267223834991
0.04615139216184616
0.06809134781360626
0.03497680276632309
0.04200473800301552
0.046346515417099
0.10148461163043976
0.031061457470059395
0.08210398256778717
0.0674198791384697
0.1161932647228241
0.027688520029187202
0.08940057456493378
0.092054083943367
0.05311483517289162
0.0299602709710598
0.08552490919828415
0.03406619280576706
0.07284889370203018
0.08096779137849808
0.038968220353126526
0.04250359162688255
0.034358296543359756
0.0322515070438385
0.038498781621456146
0.08152227848768234
0.05324330925941467
0.02902039885520935
0.047769695520401
0.04052744805812836
0.0812605693936348
0.04968107119202614
0.0545135922729969
0.0404827781021595
0.05113193392753601
0.0518944151699543
0.05388810858130455
0.029704619199037552
0.04473915323615074
0.07204120606184006
0.038962192833423615
0.04496227577328682
0.05593983083963394
0.0358784943819046
0.060070570558309555
0.07605297118425369
0.031443867832422256
0.1286756843328476
0.08037293702363968
0.11673110723495483
0.042507849633693695
0.05610276386141777
0.06108354777097702
0.05863442271947861
0.02976824901998043
0.03034178540110588
0.07146184891462326
0.06332442164421082
0.04198458045721054
0.04870415851473808
0.07478368282318115
0.0429062582552433
0.04629329591989517
0.03225747495889664
0.07362333685159683
0.033360522240400314
0.13967359066009521
0.06456409394741058
0.05686090514063835
0.026084857061505318
0.04774214327335358
0.04996974393725395
0.043218523263931274
0.049968622624874115
0.05695220082998276
0.041266292333602905
0.057313840836286545
0.037428293377161026
0.043972767889499664
0.15666338801383972
0.055359356105327606
0.051320746541023254
0.07757443189620972
0.045504581183195114
0.05946126580238342
0.023509034886956215
0.12944939732551575
0.03304478898644447
0.0243526604026556
0.05417236313223839
0.0557994544506073
0.03127343952655792
0.019901858642697334
0.05623459443449974
0.09583643823862076
0.016982093453407288
0.09611465036869049
0.03553592786192894
0.08489752560853958
0.030884822830557823
0.055944979190826416
0.059591010212898254
0.07707056403160095
0.08661248534917831
0.0429995022714138
0.030899949371814728
0.03941012918949127
0.08785737305879593
0.07024364173412323
0.07538154721260071
0.07180048525333405
0.06965230405330658
0.04495188221335411
0.04745204374194145
0.11175383627414703
0.05071389302611351
0.03861352801322937
0.03393282741308212
0.07175279408693314
0.10771382600069046
0.07967085391283035
0.026040591299533844
0.03684905171394348
0.11386295408010483
0.029754573479294777
0.11305262893438339
0.06925230473279953
0.03797367215156555
0.03463520109653473
0.047810401767492294
0.06059795990586281
0.09027610719203949
0.1277724802494049
0.026059502735733986
0.022505713626742363
0.03010270558297634
0.08398393541574478
0.0688629299402237
0.07873814553022385
0.04784105345606804
0.17762620747089386
0.05481675639748573
0.06012604385614395
0.05242156982421875
0.036174025386571884
0.03899574652314186
0.044022031128406525
0.057325322180986404
0.0481339730322361
0.11327583342790604
0.06596992164850235
0.03216487541794777
0.026476925238966942
0.04096526280045509
0.04634452983736992
0.08432644605636597
0.031260766088962555
0.07188666611909866
0.0689999982714653
1.4514347314834595
0.02824828401207924
0.06301595270633698
0.0434713177382946
0.023659028112888336
0.037862133234739304
0.08906008303165436
0.049885619431734085
0.40964460372924805
0.06242581456899643
0.04952530935406685
0.04815980792045593
0.0656237080693245
0.08643867075443268
0.05029728636145592
0.04104459658265114
0.06301859766244888
0.06838410347700119
0.03152794390916824
0.03426665440201759
0.07304589450359344
0.0619121678173542
0.1440640240907669
0.059656668454408646
0.07727667689323425
0.047970712184906006
0.06759537756443024
0.04221606254577637
0.08984658122062683
0.08658978343009949
0.07340735197067261
0.03712614253163338
0.04211916774511337
0.061947282403707504
0.02932262420654297
0.03335331007838249
0.10275769233703613
0.04874921962618828
0.053475841879844666
0.02809816412627697
0.034960728138685226
0.05190356448292732
0.08240502327680588
0.08607830107212067
0.44763150811195374
0.03157636150717735
0.058630868792533875
0.029468270018696785
0.038337916135787964
0.057467982172966
0.05327523499727249
0.05648006126284599
0.06484568119049072
0.04429695010185242
0.05284758284687996
0.09395638853311539
0.03339076414704323
0.03812039643526077
0.06162049621343613
0.04836268350481987
0.056581202894449234
0.14557695388793945
0.06975452601909637
0.09098558872938156
0.038119081407785416
0.027199864387512207
0.08138426393270493
0.04279973730444908
0.09859063476324081
0.10490958392620087
0.06897703558206558
0.06251661479473114
0.07474546879529953
0.0741005465388298
0.08382698148488998
0.13794991374015808
0.04502485319972038
0.06623835116624832
0.061188001185655594
0.03667624667286873
0.025675857439637184
0.0990159660577774
0.04337276145815849
0.02714950032532215
0.03825083747506142
0.06491444259881973
0.03407779708504677
0.06627321988344193
0.0626428946852684
0.03554515540599823
0.04178611934185028
0.07665267586708069
0.062116336077451706
0.09901222586631775
0.041484713554382324
0.11580851674079895
0.07291543483734131
0.03715650737285614
0.15110860764980316
0.033832352608442307
0.05556996539235115
0.035891078412532806
0.10292288661003113
0.08136124163866043
0.08007640391588211
0.05837632715702057
0.1273733377456665
0.09983347356319427
0.07325965166091919
0.09472627937793732
0.01961274817585945
0.07295530289411545
0.07370572537183762
0.11298966407775879
0.06707192212343216
0.09400840103626251
0.069412462413311
0.05750985071063042
0.07292968779802322
0.10331511497497559
0.02163252793252468
0.06547366827726364
0.042448196560144424
0.0434051938354969
0.04290873929858208
0.14612023532390594
0.04798547551035881
0.03991323336958885
0.06251051276922226
0.08626020699739456
0.05795703083276749
0.07110117375850677
0.12436971068382263
0.035756658762693405
0.10665576159954071
0.10855895280838013
0.09868453443050385
0.060032013803720474
0.09281627833843231
0.0785413384437561
0.08298834413290024
0.05698340758681297
0.050117842853069305
0.08646465092897415
0.053854938596487045
0.0561390295624733
0.1320827603340149
0.12844793498516083
0.07125423848628998
0.05547095835208893
0.08619780093431473
0.06720354408025742
0.06266162544488907
0.100092813372612
0.0700506716966629
0.14689019322395325
0.07973144203424454
0.06708398461341858
0.044693682342767715
0.06498634070158005
0.07281501591205597
0.03860092908143997
0.07558858394622803
0.051101140677928925
0.06388605386018753
0.0566437691450119
0.0405694805085659
0.08640705049037933
0.05302480608224869
0.11210731416940689
0.027938945218920708
0.021406779065728188
0.06825323402881622
0.06178281456232071
0.033272840082645416
0.08054623752832413
0.0271285530179739
0.02607330121099949
0.08032430708408356
0.09774000942707062
0.04691964015364647
0.0474017858505249
0.09356895089149475
0.08626020699739456
0.062657430768013
0.056193020194768906
0.03009757213294506
0.04682743921875954
0.0375695675611496
0.04354683309793472
0.11715638637542725
0.09958800673484802
0.049052171409130096
0.04610537737607956
0.03952127322554588
0.08238876610994339
0.03314295411109924
0.039223480969667435
0.11117818206548691
0.03577564284205437
0.11021286994218826
0.04216986522078514
0.041679590940475464
0.058890461921691895
0.0315951444208622
0.06556609272956848
0.10351601243019104
0.1277724802494049
0.09652336686849594
0.030010784044861794
0.09322772920131683
0.04126613959670067
0.037365008145570755
0.042748093605041504
0.04578781872987747
0.042611800134181976
0.03642043098807335
0.07452420890331268
0.14568482339382172
0.08145500719547272
0.19724790751934052
0.08162534236907959
0.12891453504562378
0.020713049918413162
0.06824975460767746
0.05683717504143715
0.033984433859586716
0.038498781621456146
0.02625308744609356
0.12933708727359772
0.058172255754470825
0.054869361221790314
0.047783441841602325
0.047245852649211884
0.03726671263575554
0.0791960209608078
0.0492047555744648
0.08363441377878189
0.11253361403942108
0.028924617916345596
0.05814584344625473
0.10148461163043976
0.04855559393763542
0.041948914527893066
0.03921782225370407
0.035180121660232544
0.07375860214233398
0.08252602815628052
0.11976105719804764
0.16396652162075043
0.07497446984052658
0.020112477242946625
0.025719430297613144
0.03682681545615196
0.03710159659385681
0.05298250913619995
0.06283345818519592
0.058172255754470825
0.026449216529726982
0.029456166550517082
0.04250752553343773
0.059075728058815
0.05399427190423012
0.14465275406837463
0.07851981371641159
0.04284409061074257
0.14955367147922516
0.06352337449789047
0.042777180671691895
0.04391517490148544
0.07406038045883179
0.03891551494598389
0.0332498773932457
0.08698870241641998
0.25501078367233276
0.04129453003406525
0.06592713296413422
0.05624108389019966
0.11559007316827774
0.048814550042152405
0.07321179658174515
0.04499705880880356
0.07260510325431824
0.07356131076812744
0.10956151783466339
0.07549048960208893
0.08636986464262009
0.0464177280664444
0.0911189466714859
0.03125923126935959
0.061778195202350616
0.028775369748473167
0.08684523403644562
0.03462842479348183
0.10544436424970627
0.030331330373883247
0.04276963695883751
0.05109481140971184
0.04556553438305855
0.039663590490818024
0.024999970570206642
0.037251025438308716
0.05993800237774849
0.104695625603199
0.044477641582489014
0.03279142081737518
0.12719570100307465
0.11159117519855499
0.018852107226848602
0.03920373320579529
0.04187371954321861
0.05599229782819748
0.1279858648777008
0.07311215251684189
0.1254238337278366
0.06719057261943817
0.14061333239078522
0.11971305310726166
0.045921869575977325
