3.031893730163574
1.5292491912841797
2.996673583984375
3.720947265625
1.7783546447753906
2.0894775390625
1.6863632202148438
1.7470321655273438
1.9655342102050781
2.65460205078125
2.4047698974609375
2.438518524169922
3.053478240966797
3.0797462463378906
1.5949325561523438
2.43129825592041
2.30499267578125
1.8442721366882324
3.147761583328247
2.7319250106811523
2.355619430541992
3.1189684867858887
2.205310821533203
3.28070068359375
3.3956298828125
1.024057388305664
2.238626480102539
3.637052536010742
3.400726318359375
2.34490966796875
3.913330078125
3.574221611022949
2.6895751953125
1.4915542602539062
2.0921401977539062
1.5876965522766113
2.3060302734375
2.2615509033203125
1.8483619689941406
1.517399549484253
1.9727783203125
2.1283302307128906
2.3482666015625
2.438908576965332
1.930088996887207
1.5920829772949219
2.645477294921875
2.675424098968506
3.07025146484375
3.7245941162109375
3.6404647827148438
2.226106643676758
2.2205810546875
2.246673583984375
3.1789283752441406
2.4252700805664062
2.3729248046875
3.3055057525634766
2.2308220863342285
1.0982012748718262
3.074462890625
2.8271484375
2.679941177368164
2.86541748046875
2.9697203636169434
2.566646099090576
2.651611328125
2.7391128540039062
2.0082244873046875
1.5907974243164062
2.704008102416992
3.031867027282715
1.7671430110931396
2.448164939880371
2.45849609375
1.9982147216796875
2.00640869140625
2.5443115234375
3.2125244140625
2.308842182159424
3.3260269165039062
1.6932945251464844
2.4688072204589844
1.9709205627441406
2.77392578125
2.5161895751953125
2.2557592391967773
2.40289306640625
2.24981689453125
3.497537612915039
2.0472261905670166
2.575775146484375
2.0226855278015137
4.66180419921875
2.874502182006836
2.102632522583008
1.389068603515625
1.4070041179656982
3.508056640625
2.1310067176818848
2.2957658767700195
2.558194637298584
2.4912109375
3.359355926513672
2.0377187728881836
2.48284912109375
3.627685546875
2.364400863647461
4.23626708984375
2.6637191772460938
3.4707908630371094
3.0519981384277344
3.9969825744628906
1.9536361694335938
1.5035037994384766
4.0316162109375
2.691134452819824
2.286518096923828
3.5496826171875
4.1940460205078125
3.037881851196289
1.3998641967773438
2.2698123455047607
4.06304931640625
2.601776123046875
3.0160255432128906
1.621762990951538
1.794792652130127
3.3968429565429688
2.1253185272216797
2.4647674560546875
2.693115234375
2.1888427734375
1.5183219909667969
1.9929580688476562
2.95068359375
1.4988937377929688
2.956571578979492
2.712799072265625
1.6934614181518555
1.8936996459960938
1.7636146545410156
1.6669158935546875
2.4189929962158203
2.9592714309692383
1.7902977466583252
3.226938247680664
2.7055625915527344
3.1690673828125
1.9098339080810547
2.045501708984375
2.8638916015625
1.5746135711669922
2.3039588928222656
1.4685935974121094
2.3064117431640625
2.6187744140625
2.7562453746795654
2.9126129150390625
2.8263299465179443
2.4383010864257812
1.2341690063476562
1.9081940650939941
1.6268348693847656
2.183868408203125
3.37213134765625
2.428924560546875
1.4500370025634766
1.5998764038085938
1.6760196685791016
2.773101806640625
3.228759765625
2.6246490478515625
1.1274032592773438
3.723724365234375
2.0393402576446533
2.6839752197265625
1.258499264717102
2.162872552871704
2.2025146484375
2.926483154296875
2.47021484375
2.624683380126953
2.257147789001465
3.3571391105651855
2.2895278930664062
3.78155517578125
2.770263671875
2.07503080368042
2.89202880859375
3.1223955154418945
2.638446569442749
3.611508369445801
2.302623748779297
1.681696891784668
1.8081588745117188
3.32745361328125
2.8375701904296875
2.68212890625
4.04443359375
2.7289886474609375
3.477581024169922
1.457776427268982
1.8106689453125
2.6987457275390625
2.425750732421875
3.61083984375
2.4687957763671875
1.2929763793945312
2.8060760498046875
2.382221221923828
3.7432861328125
0.9854021072387695
1.7819671630859375
1.928802490234375
1.9771728515625
1.4604301452636719
2.1316986083984375
2.094146728515625
1.0129947662353516
1.365896224975586
3.095458984375
2.7338790893554688
1.9215030670166016
1.3788771629333496
5.511053085327148
1.7771072387695312
3.1693115234375
3.228015899658203
3.057112216949463
1.9327392578125
2.97509765625
2.3343088626861572
1.453660249710083
1.8259429931640625
3.43853759765625
3.2106242179870605
1.5507497787475586
1.8130340576171875
2.498279571533203
2.3862762451171875
2.325115203857422
2.0780844688415527
2.2415771484375
1.6990070343017578
1.8193359375
2.23876953125
2.10009765625
1.667938232421875
3.5825958251953125
3.3402099609375
2.6859805583953857
4.037353515625
2.7440185546875
2.872539520263672
2.820068359375
3.3713912963867188
1.96051025390625
1.7784923315048218
2.8865528106689453
3.0847816467285156
2.1240234375
2.02032470703125
2.4072227478027344
3.218921661376953
3.93011474609375
3.866058349609375
3.7266082763671875
1.756493091583252
3.0904541015625
1.9241981506347656
2.6714630126953125
5.8639068603515625
1.6019611358642578
2.8747997283935547
1.4860525131225586
2.1400680541992188
2.71343994140625
2.5330677032470703
1.9187421798706055
2.934904098510742
2.145416259765625
2.6926896572113037
2.762939453125
2.019275665283203
3.964824676513672
1.749603271484375
1.618515968322754
1.9048519134521484
3.36639404296875
1.6697883605957031
3.10546875
1.50518798828125
4.774169921875
3.0949020385742188
2.2755126953125
4.68408203125
2.396484375
2.9535322189331055
1.6995530128479004
2.4473876953125
2.73345947265625
3.19427490234375
3.086359977722168
1.8153202533721924
1.6731557846069336
2.7679443359375
2.2912282943725586
1.5208886861801147
2.2380905151367188
2.710552215576172
2.396575927734375
4.13897705078125
2.8076934814453125
2.2205848693847656
4.692103385925293
2.826131820678711
2.7754344940185547
2.7350645065307617
1.5014591217041016
2.314453125
1.3647899627685547
3.168976306915283
2.381866455078125
2.9316177368164062
4.032470703125
1.6205482482910156
0.8601703643798828
2.45953369140625
3.0936126708984375
2.97186279296875
2.78466796875
3.075927734375
2.7305450439453125
2.946044921875
2.123779296875
2.18218994140625
2.533689498901367
2.8167724609375
1.94024658203125
1.3067798614501953
2.227898597717285
1.666524887084961
2.044257164001465
3.3261842727661133
3.1795654296875
1.9238371849060059
3.02691650390625
3.29392147064209
0.7488694190979004
0.9944524765014648
2.6539306640625
2.5582504272460938
3.4945859909057617
2.043903350830078
1.3033924102783203
2.4541015625
1.2067017555236816
4.562255859375
2.943450927734375
2.8836441040039062
3.9235382080078125
3.0594482421875
2.319138526916504
2.046030044555664
4.18701171875
2.81353759765625
1.34197998046875
3.08831787109375
2.572446823120117
1.5348854064941406
2.6490304470062256
2.9722349643707275
3.89208984375
1.1651744842529297
3.51513671875
3.5270843505859375
3.1220550537109375
1.0431957244873047
3.2987060546875
2.118065357208252
2.7019081115722656
2.6888427734375
2.125629425048828
2.6025390625
2.013120174407959
3.0984301567077637
1.801239013671875
5.0490570068359375
2.703125
1.9071731567382812
1.7640085220336914
3.0141043663024902
2.3852996826171875
2.8430938720703125
2.8536720275878906
2.350625991821289
1.4702870845794678
1.6641569137573242
2.2556886672973633
1.7071533203125
3.2810821533203125
1.5123493671417236
1.9135761260986328
1.377200722694397
1.6766889095306396
2.3985424041748047
3.37432861328125
2.863750457763672
3.1425254344940186
1.9020612239837646
2.43536376953125
2.4510498046875
2.11865234375
3.661102294921875
3.144927978515625
2.332763671875
1.726409912109375
1.0745925903320312
2.455474853515625
1.7314395904541016
3.37109375
2.0501184463500977
2.253528594970703
2.2250442504882812
2.7371826171875
1.9779300689697266
1.0209245681762695
1.8583476543426514
3.113132953643799
2.906902313232422
2.918212890625
1.2110538482666016
1.471923828125
2.747272491455078
1.7952871322631836
2.245279312133789
1.4461894035339355
3.424400806427002
2.947509765625
3.1822357177734375
2.5664114952087402
2.323883056640625
1.6644816398620605
2.1468658447265625
1.2111411094665527
nan
1.9119281768798828
1.4883956909179688
1.81951904296875
2.7578468322753906
1.9731636047363281
1.7677068710327148
4.1820068359375
2.323760986328125
3.0906944274902344
3.1194229125976562
2.841796875
2.513019561767578
2.048990249633789
nan
2.192138671875
0.98406982421875
3.535736083984375
3.1211395263671875
3.49810791015625
2.765869140625
1.121933937072754
2.5133819580078125
2.9076080322265625
2.78173828125
2.8406982421875
2.7155957221984863
2.2250289916992188
1.9668121337890625
2.463021993637085
1.8866615295410156
1.9152421951293945
3.233489990234375
2.188995361328125
2.5627593994140625
4.054205894470215
1.9540462493896484
1.9621086120605469
3.713186264038086
2.643707275390625
3.12060546875
2.0740623474121094
3.1529541015625
1.9235897064208984
1.80767822265625
2.318899154663086
2.989898681640625
3.0632357597351074
1.6789116859436035
2.66302490234375
2.3154778480529785
2.280031204223633
1.0733985900878906
2.29245662689209
2.1066741943359375
3.253448486328125
2.36785888671875
1.118255615234375
2.1802978515625
2.08160400390625
1.2186403274536133
0.8374701738357544
3.23419189453125
3.2106552124023438
3.5711669921875
3.76483154296875
3.4918060302734375
2.0164010524749756
2.674774169921875
2.664976119995117
4.0089111328125
2.81951904296875
3.599365234375
2.2876479625701904
2.89227294921875
2.4326438903808594
1.7094645500183105
2.5469970703125
6.425537109375
1.6130037307739258
3.03857421875
3.2874755859375
2.1936240196228027
2.8160171508789062
3.0461158752441406
2.177234649658203
1.9717178344726562
1.6409950256347656
2.4227294921875
4.410862445831299
3.0037097930908203
1.8633537292480469
2.8499107360839844
2.4166183471679688
1.2776832580566406
2.261113166809082
3.32080078125
2.656696319580078
1.6218185424804688
2.570831298828125
3.5134506225585938
3.588043212890625
2.1990966796875
2.77862548828125
2.7940597534179688
2.9759578704833984
1.8147659301757812
3.1982421875
2.7603015899658203
2.0493149757385254
3.99029541015625
1.997314453125
1.0087299346923828
2.20440673828125
2.1358346939086914
1.080106258392334
3.26348876953125
1.0595054626464844
1.9813880920410156
2.3972721099853516
1.8883686065673828
2.886035919189453
3.257568359375
3.5185546875
1.7410602569580078
1.7940673828125
2.9397315979003906
1.6634368896484375
3.8544921875
1.9165568351745605
2.632956027984619
2.539369583129883
3.612548828125
2.230499267578125
2.5259857177734375
3.396388053894043
2.4635705947875977
3.880126953125
2.0127735137939453
2.9209980964660645
2.94561767578125
1.7116813659667969
2.4616241455078125
1.9267253875732422
0.9454994201660156
1.67425537109375
1.8496322631835938
2.3935546875
1.7489995956420898
1.8333606719970703
2.697605609893799
1.5937228202819824
3.1352691650390625
3.11785888671875
2.3284902572631836
2.074427604675293
3.701171875
2.4013564586639404
2.081122875213623
4.2577362060546875
2.736480712890625
1.3947830200195312
3.82275390625
2.208402633666992
nan
2.0529117584228516
2.3658828735351562
2.4431838989257812
3.327392578125
3.1274452209472656
2.93927001953125
2.8665618896484375
2.5789642333984375
3.29058837890625
2.9628448486328125
2.9403553009033203
1.6038589477539062
3.495899200439453
3.3849363327026367
2.5198678970336914
2.220855712890625
1.7520756721496582
2.7413330078125
2.996337890625
1.997666835784912
1.5223464965820312
1.745086669921875
3.4656982421875
1.2957406044006348
2.659761428833008
1.938241958618164
1.5938835144042969
1.89835786819458
2.1909914016723633
2.364471435546875
2.0970287322998047
3.1729736328125
1.5376496315002441
2.171142578125
1.9217453002929688
2.49725341796875
1.8500251770019531
1.64959716796875
1.9065093994140625
1.2674036026000977
2.1684741973876953
2.286086082458496
2.688671112060547
1.713521957397461
2.1641693115234375
3.439281463623047
3.2095985412597656
2.716064453125
3.105666160583496
2.4490203857421875
3.1808080673217773
2.0462779998779297
2.045379638671875
1.913388729095459
1.795287847518921
0.8282442092895508
3.009521484375
2.854602813720703
3.4772567749023438
0.837752103805542
2.2666015625
3.3175048828125
2.0796351432800293
3.3534553050994873
1.9044189453125
3.44854736328125
2.7423441410064697
1.7103195190429688
2.3102731704711914
2.22650146484375
2.73394775390625
2.8596343994140625
1.1019363403320312
2.424591541290283
1.0979175567626953
3.589531898498535
2.5403149127960205
2.1544189453125
2.5886192321777344
0.5191421508789062
1.900146484375
3.2762908935546875
1.71978759765625
3.0927271842956543
4.4422607421875
2.6392977237701416
1.8766093254089355
3.203732490539551
3.1539306640625
0.9134255647659302
1.0875396728515625
1.830230712890625
2.148540496826172
3.818603515625
4.65167236328125
2.8298110961914062
2.671154022216797
3.031005859375
3.116302490234375
2.6651153564453125
2.328289270401001
3.0504150390625
3.64697265625
2.68890380859375
1.3395538330078125
4.74774169921875
3.416553497314453
1.2759838104248047
3.0029754638671875
3.1450130939483643
2.16790771484375
3.1433427333831787
2.80535888671875
2.4266357421875
1.3922309875488281
2.0391387939453125
1.4477157592773438
1.4690628051757812
2.8680419921875
3.3576431274414062
1.5820121765136719
1.218186378479004
2.164947509765625
2.3876724243164062
3.46307373046875
3.485595226287842
2.5887451171875
1.9130439758300781
1.4763965606689453
3.3663177490234375
1.480471134185791
3.21531081199646
2.41314697265625
2.0091705322265625
1.7977828979492188
2.908966064453125
2.1948699951171875
2.354461669921875
2.576997756958008
2.2942333221435547
1.724365234375
1.974873661994934
1.7567634582519531
1.787567138671875
2.95477294921875
1.8631973266601562
3.656494140625
3.5060672760009766
3.3383636474609375
2.61907958984375
2.791524648666382
2.89300537109375
1.0791585445404053
2.6072440147399902
3.096144676208496
2.130887269973755
1.7582075595855713
2.1925652027130127
3.134979248046875
1.808443546295166
2.7287845611572266
2.726339817047119
2.580810546875
2.8163604736328125
1.680999755859375
3.5678253173828125
1.6604704856872559
2.9111328125
1.3575164079666138
1.850494384765625
2.325103759765625
1.93658447265625
2.6556396484375
2.540618896484375
2.4416122436523438
1.9189453125
2.711733818054199
1.1601409912109375
2.822479248046875
2.228459358215332
1.7846527099609375
2.8144912719726562
1.8741962909698486
1.8671605587005615
2.9168701171875
2.4537973403930664
0.2355937957763672
0.6374855041503906
3.60845947265625
2.443878173828125
1.3655967712402344
2.3579587936401367
1.210719108581543
3.46903657913208
1.9456114768981934
1.967273473739624
3.53936767578125
2.1806764602661133
1.7779541015625
3.464599609375
2.11118221282959
1.5878677368164062
2.315563201904297
2.482666015625
2.2200927734375
2.90789794921875
2.96478271484375
1.9910080432891846
2.4362034797668457
3.1724853515625
2.3214964866638184
2.456451416015625
2.849985122680664
2.7712936401367188
2.7879638671875
2.109715461730957
2.3261795043945312
3.0855712890625
1.30242919921875
2.164351463317871
1.6785888671875
2.53804874420166
1.3163175582885742
3.5313720703125
1.2393531799316406
3.2508487701416016
2.1654601097106934
2.625819206237793
1.7227535247802734
2.335007667541504
2.4444775581359863
2.814666748046875
2.6416015625
1.0430116653442383
2.16064453125
2.375244140625
1.6068038940429688
3.730010986328125
1.9354324340820312
1.6307144165039062
2.3417129516601562
2.7894535064697266
2.5207557678222656
2.3394775390625
2.16176700592041
2.483642578125
2.338775634765625
2.899749755859375
3.943124771118164
3.11865234375
2.437605142593384
2.0292482376098633
2.3006591796875
2.0776233673095703
2.142822265625
4.982217788696289
3.954345703125
0.8838987350463867
1.548964500427246
1.8673334121704102
1.5446962118148804
2.89251708984375
2.53167724609375
3.632265090942383
2.1020889282226562
3.060689926147461
2.8291015625
3.0009841918945312
3.33154296875
2.300537109375
3.5838623046875
2.8509521484375
2.27703857421875
1.68408203125
2.6687850952148438
2.6676149368286133
1.0757179260253906
1.980712890625
2.692750930786133
4.4937744140625
1.7935476303100586
1.504753589630127
1.741851806640625
2.125606060028076
0.816056489944458
4.619384765625
3.1955718994140625
3.1998291015625
1.733079195022583
2.451171875
2.1855647563934326
1.4455280303955078
3.83154296875
1.828277587890625
0.6151199340820312
2.7897768020629883
2.277097702026367
0.3839591443538666
1.8964061737060547
3.1711349487304688
4.464977264404297
1.8758068084716797
3.0535888671875
2.55242919921875
1.668111801147461
2.55908203125
1.3177032470703125
3.00567626953125
1.6377544403076172
2.80181884765625
2.5205421447753906
2.44287109375
1.9906005859375
2.217172861099243
2.1495590209960938
2.5743408203125
3.62939453125
2.4502525329589844
1.5112380981445312
1.532440185546875
2.87103271484375
3.399200439453125
2.3809280395507812
3.6908626556396484
3.0748748779296875
2.7455692291259766
2.39178466796875
2.9770612716674805
1.107797622680664
1.5829441547393799
1.6789789199829102
2.2756519317626953
0.7881069183349609
3.3363380432128906
1.226536750793457
2.3211822509765625
5.346923828125
2.370819568634033
2.98583984375
3.242919921875
2.964627504348755
1.7863038778305054
2.3149547576904297
1.9032821655273438
2.6775121688842773
2.480070114135742
1.8998527526855469
1.9356939792633057
2.3354287147521973
1.7241058349609375
3.1085357666015625
4.0582275390625
1.9026899337768555
2.831644058227539
2.7095947265625
1.4981582164764404
2.7769775390625
2.1821794509887695
1.7213821411132812
2.3368682861328125
1.9286681413650513
2.5362548828125
1.1246623992919922
2.1350231170654297
2.9553909301757812
5.033302307128906
2.0112433433532715
1.349665641784668
2.324981689453125
